<nodes>
#building door nodes
1 12 826
2 257 759
3 259 549
4 316 549
5 314 516
6 408 724
7 363 600
8 388 602
9 382 550
10 390 369
11 518 695
12 503 664
13 455 549
14 455 527
15 449 373
16 448 327
17 463 256
18 584 685
19 543 544
20 534 381
21 677 658
22 662 625
23 761 640
24 714 513
25 859 615
26 848 586
27 894 470
28 883 443
29 1258 444
30 1241 388
31 1193 159
32 1369 486
33 1348 423
34 1337 407
35 1436 471
36 1410 405
37 1388 297
38 1403 288
39 1347 127
40 1515 457
41 1502 422
42 1570 448
43 1998 461
44 1991 420
45 2510 475
46 2503 434
47 2843 481
48 2849 453
49 3112 494
50 3114 460
51 3358 496
52 3360 468
53 3636 503
54 3838 450
55 3826 415
56 4077 393
57 4032 216
58 4168 370
59 4162 340
60 4507 289
61 262 318
62 265 186
63 320 325
64 320 316
</nodes>
<edges>
1 2 0 0
2 3 0 0
2 6 0 0
3 4 0 0
3 61 0 0
6 11 0 0
6 8 0 0
4 5 0 0
4 9 0 0
61 62 0 0
61 63 0 0
11 12 0 0
11 18 0 0
8 7 0 0
8 9 0 0
18 21 0 0
18 19 0 0
9 10 0 0
9 13 0 0
21 22 0 0
21 23 0 0
19 20 0 0
19 24 0 0
10 15 0 0
13 14 0 0 
13 19 0 0
23 24 0 0
23 25 0 0
20 15 0 0
24 27 0 0
19 24 0 0
15 16 0 0
25 26 0 0
25 32 0 0
27 28 0 0
27 30 0 0
24 27 0 0
16 31 0 0
16 15 0 0
16 17 0 0
16 63 0 0
63 64 0 0
32 33 0 0
32 35 0 0
31 30 0 0
31 39 0 0
33 34 0 0
33 36 0 0 
35 36 0 0
35 40 0 0
36 37 0 0
39 37 0 0
40 41 0 0
40 42 0 0
37 38 0 0
42 43 0 0
43 44 0 0
43 45 0 0
45 46 0 0
45 47 0 0
47 48 0 0
47 49 0 0
49 50 0 0
49 51 0 0
51 52 0 0
51 53 0 0
53 54 0 0
54 55 0 0
54 56 0 0
56 57 0 0
56 58 0 0
58 59 0 0
58 60 0 0
27 30 0 0
30 29 0 0
29 33 0 0
</edges>
