<nodes>
1 14 740
2 232 690
3 234 504
4 296 499
5 294 466
6 375 653
7 338 550
8 361 552
9 355 500
10 366 336
11 461 628
12 454 606
13 422 499
14 422 477
15 418 339
16 426 275
17 429 224
18 541 611
19 502 494
20 493 346
21 618 591
22 610 575
23 691 575
24 657 463
25 787 557
26 779 536
27 821 420
28 810 393
29 1163 405
30 1144 338
31 1094 114
32 1253 436
33 1240 393
34 1236 369
35 1324 422
36 1302 367
37 1283 252
38 1297 250
39 1253 113
40 1385 407
41 1369 373
42 1475 398
43 1825 411
44 1818 370
45 2290 425
46 2298 384
47 2642 435
48 2639 399
49 2837 444
50 2839 410
51 3119 450
52 3119 416
53 3314 453
54 3507 400
55 3500 373
56 3748 342
57 3700 180
58 3913 302
59 3907 276
60 4150 253
61 239 270
62 242 136
63 299 275
64 299 266
</nodes>
#
#
<edges>
1 2 0 0
2 3 0 0
2 6 0 0
3 4 0 0
3 61 0 0
6 11 0 0
6 8 0 0
4 5 0 0
4 9 0 0
61 62 0 0
61 63 0 0
11 12 0 0
11 18 0 0
8 7 0 0
8 9 0 0
18 21 0 0
18 19 0 0
9 10 0 0
9 13 0 0
21 22 0 0
21 23 0 0
19 20 0 0
19 24 0 0
10 15 0 0
13 14 0 0 
13 19 0 0
23 24 0 0
23 25 0 0
20 15 0 0
24 27 0 0
19 24 0 0
15 16 0 0
25 26 0 0
25 32 0 0
27 28 0 0
27 30 0 0
24 27 0 0
16 31 0 0
16 15 0 0
16 17 0 0
16 63 0 0
63 64 0 0
32 33 0 0
32 35 0 0
31 30 0 0
31 39 0 0
33 34 0 0
33 36 0 0 
35 36 0 0
35 40 0 0
36 37 0 0
39 37 0 0
40 41 0 0
40 42 0 0
37 38 0 0
42 43 0 0
43 44 0 0
43 45 0 0
45 46 0 0
45 47 0 0
47 48 0 0
47 49 0 0
49 50 0 0
49 51 0 0
51 52 0 0
51 53 0 0
53 54 0 0
54 55 0 0
54 56 0 0
56 57 0 0
56 58 0 0
58 59 0 0
58 60 0 0
27 30 0 0
30 29 0 0
29 33 0 0
</edges>
